function fmap = art_blue2yellowmap(i)
%  Color map where high is yellow, low is blue and midrange is dark.
%  Paul Mazaika   July 2004  (no changes for v.2)
fmap = [

    0.1445    0.9844    1.0000
    0.1411    0.9536    0.9692
    0.1382    0.9233    0.9390
    0.1357    0.8936    0.9092
    0.1338    0.8643    0.8799
    0.1323    0.8354    0.8511
    0.1313    0.8071    0.8228
    0.1309    0.7793    0.7949
    0.1309    0.7520    0.7676
    0.1313    0.7251    0.7407
    0.1323    0.6987    0.7144
    0.1338    0.6729    0.6885
    0.1357    0.6475    0.6631
    0.1382    0.6226    0.6382
    0.1411    0.5981    0.6138
    0.1445    0.5742    0.5898
    0.1484    0.5508    0.5664
    0.1528    0.5278    0.5435
    0.1577    0.5054    0.5210
    0.1631    0.4834    0.4990
    0.1689    0.4619    0.4775
    0.1753    0.4409    0.4565
    0.1821    0.4204    0.4360
    0.1895    0.4004    0.4160
    0.1973    0.3809    0.3965
    0.2056    0.3618    0.3774
    0.2144    0.3433    0.3589
    0.2236    0.3252    0.3408
    0.2334    0.3076    0.3232
    0.2437    0.2905    0.3062
    0.2427    0.2739    0.2896
    0.2578    0.2578    0.2734
    0.2734    0.2578    0.2578
    0.2896    0.2739    0.2427
    0.3062    0.2905    0.2437
    0.3232    0.3076    0.2334
    0.3408    0.3252    0.2236
    0.3589    0.3433    0.2144
    0.3774    0.3618    0.2056
    0.3965    0.3809    0.1973
    0.4160    0.4004    0.1895
    0.4360    0.4204    0.1821
    0.4565    0.4409    0.1753
    0.4775    0.4619    0.1689
    0.4990    0.4834    0.1631
    0.5210    0.5054    0.1577
    0.5435    0.5278    0.1528
    0.5664    0.5508    0.1484
    0.5898    0.5742    0.1445
    0.6138    0.5981    0.1411
    0.6382    0.6226    0.1382
    0.6631    0.6475    0.1357
    0.6885    0.6729    0.1338
    0.7144    0.6987    0.1323
    0.7407    0.7251    0.1313
    0.7676    0.7520    0.1309
    0.7949    0.7793    0.1309
    0.8228    0.8071    0.1313
    0.8511    0.8354    0.1323
    0.8799    0.8643    0.1338
    0.9092    0.8936    0.1357
    0.9390    0.9233    0.1382
    0.9692    0.9536    0.1411
    1.0000    0.9844    0.1445 ];

  