0	37.5564829372540	0	0	0	0	9.71177213138858	0	0	0	31.3836470020730	11.6814552011199	21.0021473544006	5.28261332397731	0	0	17.3918707870762	12.7602675118043	33.0676033085304	19.5102988375079	0	0	0	0	0	0	0	0	10.2458370410966	4.74436137408454	0	0	0	0	0	0	0	0	0	0	0	0	0	0	0	0	0	0	4.64160338612684	4.73829453639391	0	0	6.94083739101056	0	0	0	31.7957742414609	25.0966810317365	20.4729999979253	10.3204146431621	19.9044468061449	0	12.7672560073411	4.56913928923845	0	0	0	0	18.1866261252332	8.31382084511909	0	0	6.09310838175053	0	8.25177972645514	0	0	0	9.24948134737391	7.49020549659469	11.6052398756998	8.74632987898060	0	0	0	0	0	0	0	0
37.5564829372540	0	0	0	0	0	0	0	0	0	11.9802519050474	17.5296476730410	5.90947651647890	9.23089435125939	0	0	25.7982967612607	29.9417452412188	28.5829895414980	38.8031425018791	0	0	0	0	0	0	0	0	16.3881693179761	18.7603738892770	0	0	0	0	0	0	0	0	0	0	0	0	0	0	0	0	0	0	5.41295497233621	10.8711216935116	0	0	9.24307834310902	7.68096761577462	0	5.05230319729568	37.0487587513733	44.0247460483461	8.70798606097112	17.7333751879655	5.81747189915346	6.55133904079923	14.5342341400790	18.0019767596941	0	0	0	0	26.3991341300497	17.6643537296114	0	0	5.91706898013990	10.5460519768653	0	8.66515741885647	0	0	16.8473937500897	15.9339256920256	21.9558943574761	22.9306501230923	0	12.3431656854941	0	0	0	0	0	0
0	0	0	22.8410100734667	16.0153558665358	0	33.7481145351914	0	19.7813187930838	0	0	0	0	0	19.5190483573390	0	0	0	0	0	0	0	36.2795512514936	22.5338358687206	24.5699201384037	16.7744642686571	15.5209435600138	9.17587217117194	0	0	23.9276782435958	17.1143406809580	0	0	19.8433649363832	8.18641730350930	0	0	0	0	0	0	0	0	0	0	0	0	0	0	0	0	0	0	0	0	0	0	0	0	0	0	0	0	31.1588743985678	7.10494135402505	9.94455488894552	0	0	0	14.5600438016200	8.01776176388401	0	0	4.54593176152192	0	0	0	0	0	0	0	0	0	12.1941346706545	0	7.41663137568918	0	12.7973610757372	0
0	0	22.8410100734667	0	0	13.4318303100336	13.3377626680065	35.1965661190012	4.75233227138931	21.0416967871094	0	4.70107246286341	0	5.64538498140996	0	12.2095834135814	0	0	0	0	0	0	14.3897149120263	30.5221503148327	0	14.7631077844968	0	0	0	0	15.8516602854954	28.5018459941539	0	15.9163525275394	7.63073674945595	12.2816497045724	0	0	0	0	0	0	0	0	0	0	0	0	0	0	0	0	0	0	0	0	0	0	0	0	0	11.8483751769077	0	0	10.3830506871448	25.4418823488238	4.83426852245517	14.3450650742467	0	0	0	10.8708303616874	0	0	0	0	0	0	0	0	0	0	0	0	0	12.0797368721689	0	0	0	5.76684084083528
0	0	16.0153558665358	0	0	34.7167054082045	16.1353746061256	0	37.0864377100200	19.3468271089012	0	0	5.75060108937700	0	18.4928221330761	0	0	0	0	0	16.8946486090470	15.8088603656649	13.9001541495735	6.75928875663845	15.8490777376564	13.1310102989883	17.6625241190842	19.0563553370533	0	0	0	0	0	0	5.18916137418476	0	0	0	0	0	0	0	0	0	0	0	0	0	0	0	0	0	0	0	0	0	0	0	0	0	5.85925856276883	0	0	0	15.5645342440470	7.69659656188986	0	0	0	0	0	0	0	0	0	0	0	0	0	0	0	0	0	0	4.79326431235559	0	8.28419173175076	6.91105983641687	12.5754186765979	5.06973192857867
0	0	0	13.4318303100336	34.7167054082045	0	4.95078453372322	20.1401441920377	22.4994246123062	38.4132200265675	0	6.44669800020817	0	8.81594167874584	0	14.3071625700171	0	0	0	0	14.9806013666878	19.1610707264549	0	8.52268582813248	5.51555329798538	17.0122470184849	8.71807815433613	17.9254188687563	0	0	0	5.09793827800070	0	0	0	4.49511007457700	0	0	0	0	0	0	0	0	0	0	0	0	0	0	0	0	0	0	0	0	0	0	0	0	0	17.4207072784979	0	0	0	16.2011859880749	0	0	0	0	0	0	0	0	0	0	0	0	0	0	0	0	0	0	0	0	0	0	0	11.8009424652135
9.71177213138858	0	33.7481145351914	13.3377626680065	16.1353746061256	4.95078453372322	0	31.6826921911093	43.6164874280805	18.2431879745877	30.2173163843749	12.5727338065601	35.8992058420871	13.1112668190162	18.6045604193432	5.49737471956339	0	0	14.6445865803704	0	0	0	10.2569065768928	0	0	0	0	0	5.15856752497825	0	0	0	0	0	0	0	0	0	0	0	0	0	0	0	0	0	0	0	0	0	0	0	0	0	0	0	0	0	6.09429551276805	0	30.7312729155719	14.0319732475033	0	0	19.5925935844964	8.78363550287756	0	0	0	0	12.7320208953523	4.99682593822250	6.97671575381721	0	15.3205972357916	8.86383481305476	0	0	0	0	0	0	0	0	0	0	0	0	10.6892695639131	0
0	0	0	35.1965661190012	0	20.1401441920377	31.6826921911093	0	16.3425968564859	37.2926856578831	7.51719396928962	39.3214543120320	9.77197410771861	36.7795957536999	0	19.5860470677417	0	0	0	7.58341690371916	0	0	0	7.43225416099393	0	0	0	0	7.44551904586963	14.0770874053359	0	12.8338998503471	5.60580838024579	27.5637360672875	0	0	0	0	0	0	0	0	0	0	0	0	0	0	0	0	0	0	0	0	0	0	0	0	0	0	16.3848556638199	42.1995386054990	6.12622705339693	18.0178372875987	0	24.5587170857152	0	5.22299236304237	0	0	0	7.48175097742503	0	5.62777118463710	4.95410170435885	12.7023134581820	0	5.63408945441028	0	0	0	0	0	0	0	0	0	0	0	0
0	0	19.7813187930838	4.75233227138931	37.0864377100200	22.4994246123062	43.6164874280805	16.3425968564859	0	47.5592145918644	20.5848601998320	7.25715109733233	32.1881356067858	10.8364636079555	30.8385044099560	13.9096381866986	0	0	0	0	0	0	14.0538205226113	5.42246317276093	0	0	0	0	0	0	0	0	0	0	0	0	0	0	0	0	0	0	0	0	0	0	0	0	0	0	0	0	0	0	0	0	0	0	0	0	21.7243076457511	12.6731873573847	0	0	22.7523389596914	10.7706353746547	0	0	0	0	7.79378241067605	0	0	0	5.34861096471865	0	0	0	0	0	0	0	0	0	8.01843576526555	0	0	0	19.1617240542813	10.7622131002918
0	0	0	21.0416967871094	19.3468271089012	38.4132200265675	18.2431879745877	37.2926856578831	47.5592145918644	0	8.13072806721548	20.2943935992728	13.3347146517357	26.1029912980355	12.5121803537307	27.1072963027621	0	0	0	0	0	0	0	15.3627320240755	0	0	0	0	0	0	0	6.57741697531090	0	0	0	0	0	0	0	0	0	0	0	0	0	0	0	0	0	0	0	0	0	0	0	0	0	0	0	0	12.2979368792143	29.3475318965631	0	0	10.9073113814641	23.6418380095744	0	0	0	0	0	7.32533353884734	0	0	0	4.75007152326445	0	0	0	0	0	0	0	0	0	0	0	0	9.82847370076383	17.0739461305410
31.3836470020730	11.9802519050474	0	0	0	0	30.2173163843749	7.51719396928962	20.5848601998320	8.13072806721548	0	33.3208017908899	55.9107390430043	30.5099102164482	19.8371776039269	11.7044840828606	11.4568749346251	5.56760699706133	18.7796579825384	8.23240467624477	0	0	0	0	0	0	0	0	18.8267180413231	10.9016186340434	0	0	0	0	0	0	0	0	0	0	0	0	0	0	0	0	0	0	0	0	0	0	0	0	0	0	0	0	12.0474308702696	0	29.8853708250007	13.0509233804911	20.3255425586395	11.4441968026065	0	0	0	0	0	0	8.62491367082829	0	12.3376895568183	7.87082752835754	20.4207099428135	15.9866501471891	6.59877593930477	0	0	0	5.80452648633605	0	8.91838257650328	0	7.73902010016834	0	0	0	12.6165674507351	0
11.6814552011199	17.5296476730410	0	4.70107246286341	0	6.44669800020817	12.5727338065601	39.3214543120320	7.25715109733233	20.2943935992728	33.3208017908899	0	28.8293231104449	54.7958923224126	0	24.6538592602817	11.1292915686634	12.0617430201678	9.53132222359407	15.8098660850290	0	0	0	0	0	0	0	0	22.3706373595802	27.8598440856339	0	0	0	8.66032128429857	0	0	0	0	0	0	0	0	0	0	0	0	0	0	0	0	0	0	0	0	0	0	0	0	4.48641380846785	10.0989850664399	23.2632526063694	35.5461749214372	24.1769378124888	29.3532309787235	0	5.13203431851787	0	0	0	0	0	0	8.61345481065149	14.9318006035642	13.9356614373255	22.0938973634496	0	7.91651447208266	0	0	9.49434897523237	10.3377608512632	0	15.1846484709400	0	0	0	0	0	6.56289364562751
21.0021473544006	5.90947651647890	0	0	5.75060108937700	0	35.8992058420871	9.77197410771861	32.1881356067858	13.3347146517357	55.9107390430043	28.8293231104449	0	40.1322172438215	34.9367328690857	18.0453299834309	4.72049742049047	0	13.2319622878729	0	0	0	0	0	0	0	0	0	16.7071940654820	9.21060890931036	0	0	0	0	0	0	0	0	0	0	0	0	0	0	0	0	0	0	0	0	0	0	0	0	0	0	0	0	10.8238055919377	0	32.4199654543637	12.6255482769228	17.3644698459251	10.2480629672141	5.32136120995314	0	0	0	0	0	9.50096621831701	0	9.15071494338425	5.30342203525031	17.7118673031434	13.3693797292353	6.11454256829949	0	0	0	0	0	9.67360282207170	0	8.22814868550906	0	0	0	16.8666949141015	0
5.28261332397731	9.23089435125939	0	5.64538498140996	0	8.81594167874584	13.1112668190162	36.7795957536999	10.8364636079555	26.1029912980355	30.5099102164482	54.7958923224126	40.1322172438215	0	10.0543083897507	32.2715235260418	0	0	0	8.76462621537057	0	0	0	0	0	0	0	0	15.7884055997090	19.7121007924539	0	0	0	7.22216437747441	0	0	0	0	0	0	0	0	0	0	0	0	0	0	0	0	0	0	0	0	0	0	0	0	0	4.59184575314441	18.5987368035332	30.8108467177316	16.4839555332040	23.1490245946360	0	8.87096181451426	0	0	0	0	0	6.52198890787774	5.72834741856796	10.6364619212645	11.7820916544874	18.1606320737514	0	9.12558443040332	0	0	6.08521014344752	7.86911765848661	6.09713910168120	12.6274475836581	0	4.63095971125136	0	0	0	6.29442823528204
0	0	19.5190483573390	0	18.4928221330761	0	18.6045604193432	0	30.8385044099560	12.5121803537307	19.8371776039269	0	34.9367328690857	10.0543083897507	0	39.6522298714866	0	0	9.69474692314777	0	5.86484635234444	0	32.4031342770096	14.8485123756702	4.48653469017726	0	11.8323900824421	5.52416552437978	12.6276353982167	4.90566291121454	10.3807852045606	6.08800684484068	0	0	0	0	0	0	0	0	5.90694702732235	0	0	0	0	0	0	0	0	0	0	0	0	0	0	0	0	0	0	0	0	0	0	0	19.3262442025270	0	0	0	0	0	14.1871146525868	9.00198396975053	7.17172963314815	0	9.84057218700041	0	0	0	0	0	0	0	37.4903026855542	15.0800195738613	27.3990837357783	5.40362855542521	19.6414620472785	9.82211869438394	18.6042980015383	0
0	0	0	12.2095834135814	0	14.3071625700171	5.49737471956339	19.5860470677417	13.9096381866986	27.1072963027621	11.7044840828606	24.6538592602817	18.0453299834309	32.2715235260418	39.6522298714866	0	0	0	0	6.91148163296283	0	0	14.7937987390084	25.6364808505835	0	0	0	0	18.7643828506193	23.3833147405915	13.0190240650824	22.3992594395946	0	9.79798606453063	0	0	0	0	0	0	6.54430962928579	6.55452022181614	0	0	0	0	0	0	0	0	0	0	0	0	0	0	0	0	0	0	0	10.4876998334247	6.82174869008751	8.26291259605848	0	0	0	0	0	0	10.2480722961654	15.1072789356223	6.84437783008610	8.31937410782977	9.80117835154086	12.5556064428255	0	0	0	0	5.08496595982352	6.74794376474665	30.4108139353171	29.4960268394663	6.29098282248282	15.0894683403741	6.65397953329304	7.21996114520560	0	0
17.3918707870762	25.7982967612607	0	0	0	0	0	0	0	0	11.4568749346251	11.1292915686634	4.72049742049047	0	0	0	0	67.9232590103730	25.8187757853027	35.7682438070751	0	0	0	0	0	0	0	0	48.9784950846239	43.2161427015891	0	0	8.06657811010947	9.03370691146256	0	0	0	0	0	0	13.5690378630410	15.2757806087477	0	0	0	0	0	0	0	0	0	0	10.0255294707177	6.73816019435765	0	4.63872008065560	32.9072855957044	29.6071194879180	0	7.61786451898564	0	0	28.2505672153039	27.6681134633188	0	0	0	0	23.1701918504496	13.0603701117955	0	0	15.6752743502552	19.4533825152617	8.56360633374088	11.2753852049511	0	0	53.8520629413174	43.5301483072703	61.1755525758047	42.0272632642417	16.6538840009664	29.8773175260348	0	0	0	0	0	0
12.7602675118043	29.9417452412188	0	0	0	0	0	0	0	0	5.56760699706133	12.0617430201678	0	0	0	0	67.9232590103730	0	21.1446167081355	35.0620790155137	0	0	0	0	0	0	0	0	41.6860508273888	47.0237878542369	0	0	8.11646084359412	10.7426751313349	0	0	0	0	0	0	13.5268305451673	18.0407823145083	0	0	0	0	0	0	0	0	0	0	10.2264220107050	8.69180803049351	0	6.22958308361430	32.8195356454323	36.3948882635835	0	9.46833455972710	0	0	25.0001504130712	29.3101439143159	0	0	0	0	21.3058660021869	13.6052612218199	0	0	14.5067764100325	21.4405078672261	7.00290243552824	12.7172997326194	0	0	42.9387127818133	47.4503474395439	46.8548191041375	46.4253019803142	13.8025895123650	33.0850739989094	0	0	0	0	0	0
33.0676033085304	28.5829895414980	0	0	0	0	14.6445865803704	0	0	0	18.7796579825384	9.53132222359407	13.2319622878729	0	9.69474692314777	0	25.8187757853027	21.1446167081355	0	56.8065957602660	0	0	0	0	0	0	0	0	30.4954691669673	22.9815440598947	0	0	12.2450873230312	9.33826557698402	0	0	0	0	0	0	0	0	0	0	0	0	0	0	0	0	0	0	0	0	0	0	20.7754070148290	17.4684174920091	0	0	0	0	19.1137911444718	12.5500398955719	0	0	0	0	25.7531880671482	12.2029770937499	6.38064454659738	0	23.4993034920323	21.7453286483681	20.4251011620819	19.8083168559390	6.39565279318407	0	14.5316818580740	13.1111250106317	16.9242351721236	12.6800814488945	16.3159156182987	13.0175594973243	0	0	0	0	0	0
19.5102988375079	38.8031425018791	0	0	0	0	0	7.58341690371916	0	0	8.23240467624477	15.8098660850290	0	8.76462621537057	0	6.91148163296283	35.7682438070751	35.0620790155137	56.8065957602660	0	0	0	0	0	0	0	0	0	36.3908373612542	36.6029041176398	0	0	18.6860863109235	25.2606788670734	0	0	0	0	0	0	6.84170874893509	9.29602918766013	0	0	0	0	0	0	0	0	0	0	0	0	0	0	22.1925250444804	23.2837334388332	0	8.42866946370086	0	0	25.4592683737575	29.0441677210942	0	0	0	0	30.6645037969026	20.5199664060289	0	0	20.6382538849650	26.1729145882083	15.2528917669667	21.8263560641145	0	5.87846886449179	20.6826386207453	20.3464604415980	25.8041263541430	23.0614372446992	15.5729036572615	22.7094034549912	0	0	0	0	0	0
0	0	0	0	16.8946486090470	14.9806013666878	0	0	0	0	0	0	0	0	5.86484635234444	0	0	0	0	0	0	53.0277256459856	8.63597261192493	6.44790786023592	27.6657429514119	29.5119789416684	28.9001076174317	35.7475890076219	0	0	21.7537742917965	15.3918844629214	4.95038978245583	0	8.58611841259458	6.10928961913463	13.4030516490506	13.3279846559776	28.8336010615357	24.1793999387780	13.1341787671761	11.5975714577533	0	0	0	0	0	0	0	0	0	0	0	0	7.23419045365311	4.84641852641528	0	0	0	0	0	0	0	0	0	0	0	4.56315296887073	0	0	11.6079839693713	11.9373752676072	0	0	0	0	0	0	0	0	0	0	9.37202146285190	6.23341731292676	0	0	16.2718635312686	16.3059253978635	0	0
0	0	0	0	15.8088603656649	19.1610707264549	0	0	0	0	0	0	0	0	0	0	0	0	0	0	53.0277256459856	0	0	5.98341960390842	20.6193313438243	24.9511778077860	23.2612787795393	33.2953094925713	0	0	17.2165387816395	14.4605676165560	0	0	5.79197136270999	5.84381844617384	11.2534104929655	12.2711489521597	22.2443488447912	22.8317690408634	12.3842672210500	12.9533090923672	0	0	0	0	0	0	0	0	0	0	0	0	4.85323613204704	4.84064729804308	0	0	0	0	0	0	0	0	0	0	0	4.99408229462667	0	0	10.7463906176702	17.0646339904314	5.03643394686717	5.18699561937622	0	0	0	0	0	0	0	0	4.93824277050134	5.94818773489774	0	0	12.7358046900331	15.0374011877610	0	0
0	0	36.2795512514936	14.3897149120263	13.9001541495735	0	10.2569065768928	0	14.0538205226113	0	0	0	0	0	32.4031342770096	14.7937987390084	0	0	0	0	8.63597261192493	0	0	59.3667385914046	32.8556307900280	27.4601938464658	26.6503311520206	18.5270219290967	0	0	35.7916223852221	32.6277669463637	0	0	25.7320070913865	11.4100159375724	6.65155268943045	0	7.12462523629883	0	0	0	0	0	0	0	0	0	0	0	0	0	0	0	0	0	0	0	0	0	0	0	0	0	33.1570689156971	8.69941808283679	0	0	0	0	19.0661992383011	15.8886176471369	0	0	5.04960758898828	0	0	0	0	0	0	0	11.8465385949530	0	20.8115271820427	7.82101486215681	17.9356884050647	13.0182695118467	12.9234494545986	0
0	0	22.5338358687206	30.5221503148327	6.75928875663845	8.52268582813248	0	7.43225416099393	5.42246317276093	15.3627320240755	0	0	0	0	14.8485123756702	25.6364808505835	0	0	0	0	6.44790786023592	5.98341960390842	59.3667385914046	0	25.6150620330890	29.9922937494812	22.1819378317836	20.5147331230861	0	0	30.3219965070041	41.7811784109207	0	0	23.6758005025467	17.3183116130586	0	0	0	0	0	0	0	0	0	0	0	0	0	0	0	0	0	0	0	0	0	0	0	0	0	0	0	0	25.8082828273980	22.1010860681612	0	0	0	0	11.6149831307442	16.7313800386284	0	0	0	0	0	0	0	0	0	0	7.30039931937147	0	13.6444419090259	19.3428870339653	15.6415761793911	16.7785208193367	5.49567775345141	5.67968116314267
0	0	24.5699201384037	0	15.8490777376564	5.51555329798538	0	0	0	0	0	0	0	0	4.48653469017726	0	0	0	0	0	27.6657429514119	20.6193313438243	32.8556307900280	25.6150620330890	0	62.3868270528682	51.8389803025875	40.6030465853786	0	0	31.6895754743690	22.9222804361400	0	0	33.7975371066712	21.8449429740885	16.2846221440152	13.6103589466459	25.6161852843670	22.5641410435486	5.02816342171339	0	13.0064984860933	11.7002256238514	11.0215023167351	0	4.73601734042829	8.09970166294546	0	0	0	0	0	0	6.74635213258806	4.56688016920480	0	0	0	0	0	0	0	0	22.9824616457693	11.4659463951062	14.4966973245542	10.2046538551424	0	0	8.50129827458931	7.83277239348528	0	0	0	0	0	0	0	0	0	0	0	0	9.73156126652219	4.96639502220330	18.4437967298529	16.1962400790357	8.54254785942542	0
0	0	16.7744642686571	14.7631077844968	13.1310102989883	17.0122470184849	0	0	0	0	0	0	0	0	0	0	0	0	0	0	29.5119789416684	24.9511778077860	27.4601938464658	29.9922937494812	62.3868270528682	0	38.3922535376019	41.5919574136855	0	0	35.7738103159204	32.6866114391723	0	0	31.9132294247451	25.3146854528307	11.2829827490497	11.8954916668933	21.5677389815778	21.2288380504177	0	0	8.25809895557642	7.33399204605126	9.86793705148392	5.78184393943368	0	0	0	0	0	0	0	0	0	0	0	0	0	0	0	0	0	0	17.9720230157415	18.7309510186754	13.7861003368588	16.8687273535248	0	0	6.66672590334754	11.2129840506539	0	0	0	0	0	0	0	0	0	0	0	0	0	8.17195911862753	14.6495690033102	14.9504724154757	0	0
0	0	15.5209435600138	0	17.6625241190842	8.71807815433613	0	0	0	0	0	0	0	0	11.8323900824421	0	0	0	0	0	28.9001076174317	23.2612787795393	26.6503311520206	22.1819378317836	51.8389803025875	38.3922535376019	0	64.3594286498652	0	0	14.3055768725447	8.77468323742414	0	0	23.3492827615004	14.0424258351178	17.1655618999617	15.0461252865521	31.4736027959158	27.7080972943287	0	0	9.32890790465117	8.83704545751840	0	0	0	5.53509538896294	0	0	5.02286548365298	0	0	0	9.83535951197075	7.96258480630249	0	0	0	0	0	0	0	0	21.1850665580530	9.20104520631914	7.04184053466663	0	0	0	0	0	0	0	0	0	0	0	0	0	0	0	0	0	16.7624460528854	9.68785187793839	27.6080673327675	25.0396316182146	17.4838838255833	8.99066525643897
0	0	9.17587217117194	0	19.0563553370533	17.9254188687563	0	0	0	0	0	0	0	0	5.52416552437978	0	0	0	0	0	35.7475890076219	33.2953094925713	18.5270219290967	20.5147331230861	40.6030465853786	41.5919574136855	64.3594286498652	0	0	0	11.8578035675702	9.56529757087453	0	0	19.9143976651377	14.5954147674719	13.2587827679333	13.0060207372921	26.6608249495625	24.4941435325974	0	0	6.11943806515044	5.68117518535365	0	0	0	0	0	0	0	0	0	0	8.22343849046013	6.81847325162061	0	0	0	0	0	0	0	0	15.5068321956455	13.1733814753050	7.11232769526791	7.16039967708907	0	0	0	0	0	0	0	0	0	0	0	0	0	0	0	0	10.0586198031096	10.9620024211348	23.2124528734461	24.2111239919889	13.7473922846273	11.1607721791908
10.2458370410966	16.3881693179761	0	0	0	0	5.15856752497825	7.44551904586963	0	0	18.8267180413231	22.3706373595802	16.7071940654820	15.7884055997090	12.6276353982167	18.7643828506193	48.9784950846239	41.6860508273888	30.4954691669673	36.3908373612542	0	0	0	0	0	0	0	0	0	80.0164061107750	6.47185569601239	5.20730653684051	19.4314628232962	24.5588857489529	0	0	0	0	0	0	20.4518398333899	20.1708170021535	0	0	0	0	0	0	0	0	0	0	0	0	0	0	11.0779070946969	9.78687625881811	0	0	0	5.56998383474930	37.1333069526185	40.2210944498213	0	0	0	0	8.07555489786389	0	7.90297188481210	6.93731881663324	29.8583542624118	33.7390142438786	20.1701358912540	23.5828622773143	9.68231176982120	10.4165254920430	33.4378848785080	29.4610882428925	38.2238559992679	30.3816459531672	32.4590650070800	38.5901911349193	0	0	0	0	0	0
4.74436137408454	18.7603738892770	0	0	0	0	0	14.0770874053359	0	0	10.9016186340434	27.8598440856339	9.21060890931036	19.7121007924539	4.90566291121454	23.3833147405915	43.2161427015891	47.0237878542369	22.9815440598947	36.6029041176398	0	0	0	0	0	0	0	0	80.0164061107750	0	4.74031544745534	6.68276550066286	20.1811350191563	30.8220730231239	0	0	0	0	0	0	17.8806072485179	22.2098084873944	0	0	0	0	0	0	0	0	0	0	0	0	0	0	10.3941899917858	11.4465411003901	0	5.09192508631817	0	11.9667602796949	35.8439608543727	47.7481768623147	0	0	0	0	7.66621885343821	0	0	5.98554353559970	25.1896784328985	34.2912099335843	16.9988424462605	25.2231165834675	7.32560571406378	12.9876926222057	30.6159862856705	32.1959017543865	36.9341177452424	34.1463906288403	25.3167529818993	44.5928408205179	0	0	0	0	0	0
0	0	23.9276782435958	15.8516602854954	0	0	0	0	0	0	0	0	0	0	10.3807852045606	13.0190240650824	0	0	0	0	21.7537742917965	17.2165387816395	35.7916223852221	30.3219965070041	31.6895754743690	35.7738103159204	14.3055768725447	11.8578035675702	6.47185569601239	4.74031544745534	0	78.8661775921870	27.2328623523055	24.9434967731451	18.0754990338491	13.0736861649286	7.78807765783154	6.89526870271055	12.5603858351626	9.69796453947229	12.3299861546976	8.29016321971179	0	0	0	0	0	0	0	0	0	0	0	0	0	0	0	0	0	0	0	0	0	0	6.63344638524057	0	0	0	0	0	22.1730005364773	23.3179098997207	11.2187116287579	7.69718948101625	8.55577341512536	5.90481863995336	7.97209229326833	9.77596167582806	0	0	0	0	16.9623262703587	8.89733704553576	0	0	6.90872186584066	0	0	0
0	0	17.1143406809580	28.5018459941539	0	5.09793827800070	0	12.8338998503471	0	6.57741697531090	0	0	0	0	6.08800684484068	22.3992594395946	0	0	0	0	15.3918844629214	14.4605676165560	32.6277669463637	41.7811784109207	22.9222804361400	32.6866114391723	8.77468323742414	9.56529757087453	5.20730653684051	6.68276550066286	78.8661775921870	0	22.7401396246428	28.7310001885446	16.7314987909597	15.2647182440876	0	4.91197915815262	5.95945527115712	5.48538438589559	8.72651871703316	5.59838392558923	0	0	0	0	0	0	0	0	0	0	0	0	0	0	0	0	0	0	0	0	0	0	6.88953102259656	10.0007159952427	0	7.21158339086788	0	0	19.7853616004790	25.6184852893532	8.26223113397482	7.08703595756599	6.73349429104836	7.31457904967453	6.48467027580870	12.2187976401602	0	0	0	0	14.9069522862974	10.2323439616166	0	5.05411936281400	5.02314942689095	0	0	0
0	0	0	0	0	0	0	5.60580838024579	0	0	0	0	0	0	0	0	8.06657811010947	8.11646084359412	12.2450873230312	18.6860863109235	4.95038978245583	0	0	0	0	0	0	0	19.4314628232962	20.1811350191563	27.2328623523055	22.7401396246428	0	66.0577342982519	10.3732487678247	12.7854191743247	0	0	0	0	13.3750733190861	11.2996416911631	0	0	0	0	0	0	0	0	0	0	0	0	0	0	0	0	0	0	0	0	14.6593575352027	16.5238274228075	0	0	17.4919299929909	17.0807583597118	6.34449192893435	6.27726781221564	6.57592099740279	4.90265618718033	12.1158809584068	12.9026746475047	8.82748134766961	9.15902638816460	15.9694739918084	17.2758886209352	6.60771735637082	7.95853197415172	6.66100492060873	4.58501538738107	13.0101808792833	15.1626257198152	0	0	0	0	0	0
0	0	0	15.9163525275394	0	0	0	27.5637360672875	0	0	0	8.66032128429857	0	7.22216437747441	0	9.79798606453063	9.03370691146256	10.7426751313349	9.33826557698402	25.2606788670734	0	0	0	0	0	0	0	0	24.5588857489529	30.8220730231239	24.9434967731451	28.7310001885446	66.0577342982519	0	6.02368722935376	13.7355750848883	0	0	0	0	10.2363703953583	10.5201962799781	0	0	0	0	0	0	0	0	0	0	0	0	0	0	0	0	0	0	0	15.4858593347165	15.5306186297185	27.0120073066285	0	0	8.98421572323093	19.5871241771151	0	0	4.89125960857914	7.54265069353968	11.4190853581377	16.7149014796331	7.84220329143423	13.3277923359442	12.8144379431843	22.2931116715092	7.39170867543966	8.44168544874835	8.56292159022186	7.47310640658164	10.9846203757300	22.1613933584621	0	0	0	0	0	0
0	0	19.8433649363832	7.63073674945595	5.18916137418476	0	0	0	0	0	0	0	0	0	0	0	0	0	0	0	8.58611841259458	5.79197136270999	25.7320070913865	23.6758005025467	33.7975371066712	31.9132294247451	23.3492827615004	19.9143976651377	0	0	18.0754990338491	16.7314987909597	10.3732487678247	6.02368722935376	0	68.6309192071249	10.9913105283925	9.82131424023198	16.1221534327893	10.7815479716282	0	0	8.42863253633066	6.77669538028184	15.9894621896434	10.0630852403330	0	0	0	0	0	0	0	0	0	0	0	0	0	0	0	0	0	0	32.7290249843372	25.4967099394113	31.5951058389865	28.0560724549576	0	0	0	0	0	0	0	0	7.22479249986854	6.21244346694585	0	0	0	0	0	0	10.0785079182579	0	13.1139344087431	9.72882697085283	9.33924267615495	0
0	0	8.18641730350930	12.2816497045724	0	4.49511007457700	0	0	0	0	0	0	0	0	0	0	0	0	0	0	6.10928961913463	5.84381844617384	11.4100159375724	17.3183116130586	21.8449429740885	25.3146854528307	14.0424258351178	14.5954147674719	0	0	13.0736861649286	15.2647182440876	12.7854191743247	13.7355750848883	68.6309192071249	0	7.56744769142073	9.70565319104726	11.3411579383663	8.64521443856810	0	0	0	0	13.8185993748343	11.7100535003407	0	0	0	0	0	0	0	0	0	0	0	0	0	0	0	0	0	0	19.6639841799989	28.1360479630914	33.8578434776391	38.8941702759667	0	0	0	0	0	0	0	0	7.30451511014891	10.9184672073858	0	0	0	0	0	0	0	0	5.35876636976338	5.09779068731263	0	0
0	0	0	0	0	0	0	0	0	0	0	0	0	0	0	0	0	0	0	0	13.4030516490506	11.2534104929655	6.65155268943045	0	16.2846221440152	11.2829827490497	17.1655618999617	13.2587827679333	0	0	7.78807765783154	0	0	0	10.9913105283925	7.56744769142073	0	38.2279084549608	43.1362002107325	32.9109848666694	37.0749521477495	28.4118063262291	8.96787972078156	7.38416959686416	0	0	0	5.65011815159528	0	0	0	0	0	0	11.6687017127362	5.69785740894776	0	0	0	0	0	0	0	0	0	0	0	0	0	0	15.6702206327492	13.1534933215388	13.7234729527394	8.19445105669518	7.36281507857800	0	22.8885506750846	19.3097647878044	0	4.86373820850660	0	0	0	0	0	0	11.6115851282941	9.83746106713179	7.19735410481093	0
0	0	0	0	0	0	0	0	0	0	0	0	0	0	0	0	0	0	0	0	13.3279846559776	12.2711489521597	0	0	13.6103589466459	11.8954916668933	15.0461252865521	13.0060207372921	0	0	6.89526870271055	4.91197915815262	0	0	9.82131424023198	9.70565319104726	38.2279084549608	0	35.5294149716592	51.3336743824845	27.3012507397103	32.4174054506214	10.2351792555005	9.89323266873281	0	0	5.97065683751881	8.77894862289084	0	0	0	0	0	0	13.2962202216318	9.63932209030428	0	0	0	0	0	0	0	0	0	0	0	6.09925858865831	0	0	10.6988786428139	11.4934899200741	7.19937791769511	6.55373290202614	0	0	16.0010559612898	19.0856643853000	4.60295776725574	6.13630513624353	0	0	0	5.00696644352957	0	0	11.4499383898427	13.0650845662074	0	0
0	0	0	0	0	0	0	0	0	0	0	0	0	0	0	0	0	0	0	0	28.8336010615357	22.2443488447912	7.12462523629883	0	25.6161852843670	21.5677389815778	31.4736027959158	26.6608249495625	0	0	12.5603858351626	5.95945527115712	0	0	16.1221534327893	11.3411579383663	43.1362002107325	35.5294149716592	0	57.8104150435931	27.4524618140461	21.1636022641730	10.4926796267292	9.65796707161344	0	0	7.40130687298058	8.85677705287001	0	0	4.57471106100431	0	0	0	24.8052042188341	16.0687026266009	0	0	0	0	0	0	0	0	6.63446045336732	0	7.79327712329570	6.14396208286588	0	0	0	0	0	0	0	0	8.63579883341105	7.55439250270935	0	5.52550916382296	0	0	9.56422095279176	0	7.34990686074826	0	25.2187349049009	21.1621616148279	14.1503361313961	5.10433560595522
0	0	0	0	0	0	0	0	0	0	0	0	0	0	0	0	0	0	0	0	24.1793999387780	22.8317690408634	0	0	22.5641410435486	21.2288380504177	27.7080972943287	24.4941435325974	0	0	9.69796453947229	5.48538438589559	0	0	10.7815479716282	8.64521443856810	32.9109848666694	51.3336743824845	57.8104150435931	0	24.9730535002231	27.9223538369065	13.2271283901711	13.7987409496802	0	0	11.5889012291024	14.5895611163662	0	0	5.63208751967562	0	0	0	26.0714379960927	23.2898753227465	0	0	0	0	0	0	0	0	0	0	0	7.13466334741388	0	0	0	0	0	0	0	0	4.92381152751030	8.43218474404272	7.31613338337040	9.62727439484458	0	0	7.69560819152894	8.75499680453668	0	6.75877413876097	21.7689117584151	24.5169229285173	8.25889081087361	9.00775162398446
0	0	0	0	0	0	0	0	0	0	0	0	0	0	5.90694702732235	6.54430962928579	13.5690378630410	13.5268305451673	0	6.84170874893509	13.1341787671761	12.3842672210500	0	0	5.02816342171339	0	0	0	20.4518398333899	17.8806072485179	12.3299861546976	8.72651871703316	13.3750733190861	10.2363703953583	0	0	37.0749521477495	27.3012507397103	27.4524618140461	24.9730535002231	0	51.2990072485242	0	0	0	0	0	0	0	0	0	0	0	0	5.16090776345995	0	0	0	0	0	0	0	5.90270725584177	0	0	0	0	0	0	0	19.2481018529910	18.7123975978167	35.2683142780004	33.1874361221229	21.0482946368171	18.3674008172186	19.4838674358873	19.5997100596683	13.8861907959604	13.8068825554956	12.6882597755224	9.03191085425827	21.2283973544894	18.6531236562000	0	0	10.3124289146995	6.20781704620453	0	0
0	0	0	0	0	0	0	0	0	0	0	0	0	0	0	6.55452022181614	15.2757806087477	18.0407823145083	0	9.29602918766013	11.5975714577533	12.9533090923672	0	0	0	0	0	0	20.1708170021535	22.2098084873944	8.29016321971179	5.59838392558923	11.2996416911631	10.5201962799781	0	0	28.4118063262291	32.4174054506214	21.1636022641730	27.9223538369065	51.2990072485242	0	0	0	0	0	0	0	0	0	0	0	0	0	6.86743751997898	0	0	0	0	0	0	0	5.19912079709223	6.86090381155087	0	0	0	0	0	0	14.8399287760460	15.2192620435434	33.3893985264143	36.0554777330996	17.9175458538396	17.9526063456595	15.9389265906841	17.9142519283713	15.0294992980656	17.2566198135851	15.6095592767526	13.3466267956055	15.7774108559459	21.7313957326528	0	0	7.68883862175581	8.33650741360383	0	0
0	0	0	0	0	0	0	0	0	0	0	0	0	0	0	0	0	0	0	0	0	0	0	0	13.0064984860933	8.25809895557642	9.32890790465117	6.11943806515044	0	0	0	0	0	0	8.42863253633066	0	8.96787972078156	10.2351792555005	10.4926796267292	13.2271283901711	0	0	0	69.5986728850504	28.1009167042290	20.8417813631431	40.4263401790265	43.9804083409608	17.5206840658178	10.9687016320204	19.8046342342908	11.1223779904018	12.8173402305569	12.7710881443696	16.7603422041306	15.4904185420568	0	0	0	0	0	0	0	0	0	0	6.48374745516177	0	0	0	0	0	0	0	0	0	0	0	0	0	0	0	0	0	0	0	0	0	0	0
0	0	0	0	0	0	0	0	0	0	0	0	0	0	0	0	0	0	0	0	0	0	0	0	11.7002256238514	7.33399204605126	8.83704545751840	5.68117518535365	0	0	0	0	0	0	6.77669538028184	0	7.38416959686416	9.89323266873281	9.65796707161344	13.7987409496802	0	0	69.5986728850504	0	25.5135044405463	23.0659577244101	38.2779083582933	45.2420926341369	17.7551009282238	13.3416468114652	20.2481706905126	14.1129517369213	12.5435280114251	13.4587693653167	16.9577475746641	17.4655244329904	0	0	0	0	0	0	0	0	0	0	5.86469259875085	5.29647379882165	0	0	0	0	0	0	0	0	0	0	0	0	0	0	0	0	0	0	0	0	0	0
0	0	0	0	0	0	0	0	0	0	0	0	0	0	0	0	0	0	0	0	0	0	0	0	11.0215023167351	9.86793705148392	0	0	0	0	0	0	0	0	15.9894621896434	13.8185993748343	0	0	0	0	0	0	28.1009167042290	25.5135044405463	0	60.7841411506286	21.3747067861305	21.1974608810122	30.1815909420537	21.0471863443320	21.1245318628919	16.4266952556483	8.07034231754714	8.34243204353833	13.3409830227860	12.4746150022667	0	0	0	0	0	0	0	0	0	0	22.4157049796049	22.2104858071861	0	0	0	0	0	0	0	0	0	0	0	0	0	0	0	0	0	0	0	0	0	0
0	0	0	0	0	0	0	0	0	0	0	0	0	0	0	0	0	0	0	0	0	0	0	0	0	5.78184393943368	0	0	0	0	0	0	0	0	10.0630852403330	11.7100535003407	0	0	0	0	0	0	20.8417813631431	23.0659577244101	60.7841411506286	0	17.9713540656230	18.9683372457471	30.2823027402031	28.6416787741711	18.7910407257762	20.2659155158306	8.39024406633184	8.27618638986895	11.1397246020919	12.6212384099875	0	0	0	0	0	0	0	0	0	0	17.6690359447328	22.0363341235945	0	5.48546226062041	0	0	0	0	0	0	0	0	0	0	0	0	0	0	0	0	0	0	0	0
0	0	0	0	0	0	0	0	0	0	0	0	0	0	0	0	0	0	0	0	0	0	0	0	4.73601734042829	0	0	0	0	0	0	0	0	0	0	0	0	5.97065683751881	7.40130687298058	11.5889012291024	0	0	40.4263401790265	38.2779083582933	21.3747067861305	17.9713540656230	0	59.9516349141570	22.3008951611297	18.5536628678610	23.3897620630383	16.1454210642610	25.7924691390073	25.5432340409224	29.6099488386006	30.5501851423083	10.2880010674731	9.16465998465640	0	0	0	0	0	0	0	0	0	0	10.4677199508503	9.28576905320182	0	0	0	0	0	0	0	0	5.99278030817671	6.60393596435747	0	0	0	0	0	0	0	0	0	0
0	0	0	0	0	0	0	0	0	0	0	0	0	0	0	0	0	0	0	0	0	0	0	0	8.09970166294546	0	5.53509538896294	0	0	0	0	0	0	0	0	0	5.65011815159528	8.77894862289084	8.85677705287001	14.5895611163662	0	0	43.9804083409608	45.2420926341369	21.1974608810122	18.9683372457471	59.9516349141570	0	19.6101374606681	18.2527220052180	22.0454066368359	17.9792451140674	21.4398439945225	25.6634855056093	26.3811817025475	31.8637800990034	9.11719171427150	8.59947683987859	0	0	0	0	0	0	0	0	0	0	9.97346756792987	10.2458438562631	0	0	0	0	0	0	0	0	0	0	0	0	0	0	0	0	0	0	0	0
4.64160338612684	5.41295497233621	0	0	0	0	0	0	0	0	0	0	0	0	0	0	0	0	0	0	0	0	0	0	0	0	0	0	0	0	0	0	0	0	0	0	0	0	0	0	0	0	17.5206840658178	17.7551009282238	30.1815909420537	30.2823027402031	22.3008951611297	19.6101374606681	0	44.5299481105963	39.5741984060227	33.3930123887207	24.2062658712571	18.3949718819173	21.5852996598230	21.1919610905966	9.43224840023797	9.63864582455845	17.2225646290509	13.3520770482137	0	0	0	0	0	0	6.47570467862966	4.82235092051795	6.40123733101632	8.66202148726759	0	0	0	0	0	0	0	0	0	0	0	0	0	0	0	0	0	0	0	0
4.73829453639391	10.8711216935116	0	0	0	0	0	0	0	0	0	0	0	0	0	0	0	0	0	0	0	0	0	0	0	0	0	0	0	0	0	0	0	0	0	0	0	0	0	0	0	0	10.9687016320204	13.3416468114652	21.0471863443320	28.6416787741711	18.5536628678610	18.2527220052180	44.5299481105963	0	29.7606051775814	45.6140356185311	23.4375455218200	20.0080916162085	18.1917744844857	23.2376718887391	10.3636046400420	12.9047902710128	17.3116682974933	23.4961525800406	0	0	0	0	0	0	0	0	7.24717305361347	10.2852854948473	0	0	0	0	0	0	0	0	0	0	0	0	0	0	0	0	0	0	0	0
0	0	0	0	0	0	0	0	0	0	0	0	0	0	0	0	0	0	0	0	0	0	0	0	0	0	5.02286548365298	0	0	0	0	0	0	0	0	0	0	0	4.57471106100431	5.63208751967562	0	0	19.8046342342908	20.2481706905126	21.1245318628919	18.7910407257762	23.3897620630383	22.0454066368359	39.5741984060227	29.7606051775814	0	45.4504419333426	30.4667562202420	21.6443415215833	32.0691902886997	26.7702229900200	6.62359210550873	6.40463446343310	18.1154245903001	9.59733233101811	0	0	0	0	0	0	11.2970360105977	6.61445357308782	0	5.53834926367237	0	0	0	0	0	0	0	0	0	0	0	0	0	0	0	0	0	0	5.45585379050842	6.53843316380832
0	0	0	0	0	0	0	0	0	0	0	0	0	0	0	0	0	0	0	0	0	0	0	0	0	0	0	0	0	0	0	0	0	0	0	0	0	0	0	0	0	0	11.1223779904018	14.1129517369213	16.4266952556483	20.2659155158306	16.1454210642610	17.9792451140674	33.3930123887207	45.6140356185311	45.4504419333426	0	22.0319994271337	19.7603400415683	25.2434722589182	27.5059319512532	5.19845818334834	7.84539479955646	15.2602832334850	18.3682766526846	0	0	0	0	0	0	7.80901090632771	9.71054153132578	0	6.75250445717238	0	0	0	0	0	0	0	0	0	0	0	0	0	0	0	0	0	0	0	10.9118900070485
6.94083739101056	9.24307834310902	0	0	0	0	0	0	0	0	0	0	0	0	0	0	10.0255294707177	10.2264220107050	0	0	0	0	0	0	0	0	0	0	0	0	0	0	0	0	0	0	0	0	0	0	0	0	12.8173402305569	12.5435280114251	8.07034231754714	8.39024406633184	25.7924691390073	21.4398439945225	24.2062658712571	23.4375455218200	30.4667562202420	22.0319994271337	0	40.0968537961025	32.3225348532879	29.0112883548234	15.4808885700226	15.2755728540662	9.53514299334420	9.02899971588931	0	0	0	0	0	0	0	0	11.7538285183467	10.6372205416219	0	0	0	0	0	0	0	0	7.66661039728629	5.92838035378072	9.70706921658470	8.21928504135484	0	0	0	0	0	0	0	8.55154417271471
0	7.68096761577462	0	0	0	0	0	0	0	0	0	0	0	0	0	0	6.73816019435765	8.69180803049351	0	0	0	0	0	0	0	0	0	0	0	0	0	0	0	0	0	0	0	0	0	0	0	0	12.7710881443696	13.4587693653167	8.34243204353833	8.27618638986895	25.5432340409224	25.6634855056093	18.3949718819173	20.0080916162085	21.6443415215833	19.7603400415683	40.0968537961025	0	22.3009636110503	30.1631897961350	13.1301740178265	14.2368090763591	0	0	0	0	0	0	0	0	0	0	12.1293337684757	11.7133797344740	0	0	0	0	0	0	0	0	6.07686414556356	5.27105942946798	7.80691981646117	8.08897982531302	0	0	0	0	0	0	0	5.65067740379087
0	0	0	0	0	0	0	0	0	0	0	0	0	0	0	0	0	0	0	0	7.23419045365311	4.85323613204704	0	0	6.74635213258806	0	9.83535951197075	8.22343849046013	0	0	0	0	0	0	0	0	11.6687017127362	13.2962202216318	24.8052042188341	26.0714379960927	5.16090776345995	6.86743751997898	16.7603422041306	16.9577475746641	13.3409830227860	11.1397246020919	29.6099488386006	26.3811817025475	21.5852996598230	18.1917744844857	32.0691902886997	25.2434722589182	32.3225348532879	22.3009636110503	0	57.5391940099076	7.94436302521625	7.56575893302827	5.33368673128001	0	0	0	0	0	0	0	0	0	6.25836669670548	5.29760023301266	0	0	0	0	0	0	0	0	6.82557753160760	7.58444073887926	4.61008337813500	0	0	0	0	0	14.8583143874036	13.4372803033196	9.10903597416928	8.54174296285165
0	5.05230319729568	0	0	0	0	0	0	0	0	0	0	0	0	0	0	4.63872008065560	6.22958308361430	0	0	4.84641852641528	4.84064729804308	0	0	4.56688016920480	0	7.96258480630249	6.81847325162061	0	0	0	0	0	0	0	0	5.69785740894776	9.63932209030428	16.0687026266009	23.2898753227465	0	0	15.4904185420568	17.4655244329904	12.4746150022667	12.6212384099875	30.5501851423083	31.8637800990034	21.1919610905966	23.2376718887391	26.7702229900200	27.5059319512532	29.0112883548234	30.1631897961350	57.5391940099076	0	10.8301531410657	11.7114717338726	0	0	0	0	0	0	0	0	0	0	9.60772784967680	9.06750000651906	0	0	0	0	0	0	0	0	7.04951150389078	8.21973387996153	6.04726521783500	7.18739208803461	0	0	0	0	13.8812051571818	14.3182787790381	0	10.6603892539887
31.7957742414609	37.0487587513733	0	0	0	0	0	0	0	0	0	0	0	0	0	0	32.9072855957044	32.8195356454323	20.7754070148290	22.1925250444804	0	0	0	0	0	0	0	0	11.0779070946969	10.3941899917858	0	0	0	0	0	0	0	0	0	0	0	0	0	0	0	0	10.2880010674731	9.11719171427150	9.43224840023797	10.3636046400420	6.62359210550873	5.19845818334834	15.4808885700226	13.1301740178265	7.94436302521625	10.8301531410657	0	53.2917443022895	13.4021898882190	15.5318608976768	6.57414037124618	0	14.2348393827949	11.7943023658069	0	0	0	0	27.4569484821185	18.8310483369110	0	0	0	0	0	0	0	0	25.2591426976535	19.9712966609984	26.3431904049106	21.4663459353840	0	6.17290431813665	0	0	0	0	0	0
25.0966810317365	44.0247460483461	0	0	0	0	0	0	0	0	0	0	0	0	0	0	29.6071194879180	36.3948882635835	17.4684174920091	23.2837334388332	0	0	0	0	0	0	0	0	9.78687625881811	11.4465411003901	0	0	0	0	0	0	0	0	0	0	0	0	0	0	0	0	9.16465998465640	8.59947683987859	9.63864582455845	12.9047902710128	6.40463446343310	7.84539479955646	15.2755728540662	14.2368090763591	7.56575893302827	11.7114717338726	53.2917443022895	0	12.1288771182179	23.9182166234330	0	0	12.3249359454627	15.4030511359140	0	0	0	0	30.0267939096289	24.5390718753859	0	0	0	0	0	0	0	0	23.5985872100040	21.9812516811788	24.4290213278078	22.5084229841703	0	7.21395794771521	0	0	0	0	0	0
20.4729999979253	8.70798606097112	0	0	0	0	6.09429551276805	0	0	0	12.0474308702696	4.48641380846785	10.8238055919377	0	0	0	0	0	0	0	0	0	0	0	0	0	0	0	0	0	0	0	0	0	0	0	0	0	0	0	0	0	0	0	0	0	0	0	17.2225646290509	17.3116682974933	18.1154245903001	15.2602832334850	9.53514299334420	0	5.33368673128001	0	13.4021898882190	12.1288771182179	0	43.6421358266855	41.4336214451948	16.2173215051509	11.5635334371308	8.17038258972914	0	0	14.6302872230238	6.65441593777658	0	0	0	0	0	0	0	0	0	0	0	0	0	0	0	0	0	0	0	0	13.2391077879932	11.6337015389275
10.3204146431621	17.7333751879655	0	0	0	0	0	0	0	0	0	10.0989850664399	0	4.59184575314441	0	0	7.61786451898564	9.46833455972710	0	8.42866946370086	0	0	0	0	0	0	0	0	0	5.09192508631817	0	0	0	0	0	0	0	0	0	0	0	0	0	0	0	0	0	0	13.3520770482137	23.4961525800406	9.59733233101811	18.3682766526846	9.02899971588931	0	0	0	15.5318608976768	23.9182166234330	43.6421358266855	0	24.8893509489999	27.4020796365604	16.6116318824834	23.3226776276838	0	0	7.31662275543317	10.2474866693395	6.23899693422825	11.4640949890687	0	0	0	0	0	0	0	0	0	0	5.17166055929627	0	0	0	0	0	0	0	0	12.0124833727564
19.9044468061449	5.81747189915346	0	0	5.85925856276883	0	30.7312729155719	16.3848556638199	21.7243076457511	12.2979368792143	29.8853708250007	23.2632526063694	32.4199654543637	18.5987368035332	0	0	0	0	0	0	0	0	0	0	0	0	0	0	0	0	0	0	0	0	0	0	0	0	0	0	0	0	0	0	0	0	0	0	0	0	0	0	0	0	0	0	6.57414037124618	0	41.4336214451948	24.8893509489999	0	40.6829040383125	19.8642956668312	15.5406980519343	8.41020039048507	10.5228147339783	0	0	0	0	0	0	0	0	0	0	0	0	0	0	0	0	0	0	0	0	0	0	18.4718006384937	15.7352927107572
0	6.55133904079923	0	11.8483751769077	0	17.4207072784979	14.0319732475033	42.1995386054990	12.6731873573847	29.3475318965631	13.0509233804911	35.5461749214372	12.6255482769228	30.8108467177316	0	10.4876998334247	0	0	0	0	0	0	0	0	0	0	0	0	5.56998383474930	11.9667602796949	0	0	0	15.4858593347165	0	0	0	0	0	0	0	0	0	0	0	0	0	0	0	0	0	0	0	0	0	0	0	0	16.2173215051509	27.4020796365604	40.6829040383125	0	14.5484493259781	27.2737947264038	0	22.3497825111913	0	0	0	0	0	0	0	0	0	7.72478514915490	0	0	0	0	0	0	0	0	0	0	0	0	0	15.3432789741181
12.7672560073411	14.5342341400790	0	0	0	0	0	6.12622705339693	0	0	20.3255425586395	24.1769378124888	17.3644698459251	16.4839555332040	0	6.82174869008751	28.2505672153039	25.0001504130712	19.1137911444718	25.4592683737575	0	0	0	0	0	0	0	0	37.1333069526185	35.8439608543727	0	0	14.6593575352027	15.5306186297185	0	0	0	0	0	0	5.90270725584177	5.19912079709223	0	0	0	0	0	0	0	0	0	0	0	0	0	0	14.2348393827949	12.3249359454627	11.5635334371308	16.6116318824834	19.8642956668312	14.5484493259781	0	54.7217893622118	0	0	0	0	0	0	0	0	11.1965079019438	15.2255730538431	11.0182020783003	14.5312260623620	5.39599690800412	0	15.0653852951619	11.9964880053642	28.2131869765759	23.1926599682026	11.3126618244404	20.3055686486595	0	0	0	0	0	0
